52.0785 5.1323 ;
52.0785 5.13231 ;
52.0785 5.13232 ;
52.0785 5.13233 ;
52.0785 5.13234 ;
52.0785 5.13235 ;
52.0785 5.13236 ;
52.0785 5.13237 ;
52.0785 5.13238 ;
52.0785 5.13239 ;
52.0785 5.1324 ;
52.0785 5.13241 ;
52.0785 5.13242 ;
52.0785 5.13243 ;
52.0785 5.13244 ;
52.0785 5.13245 ;
52.0785 5.13246 ;
52.0785 5.13247 ;
52.0785 5.13248 ;
52.0785 5.13249 ;
52.0785 5.1325 ;
52.0785 5.13251 ;
52.0785 5.13252 ;
52.0785 5.13253 ;
52.0785 5.13254 ;
52.0785 5.13255 ;
52.0785 5.13256 ;
52.0785 5.13257 ;
52.0785 5.13258 ;
52.0785 5.13259 ;
52.0785 5.1326 ;
52.0785 5.13261 ;
52.0785 5.13262 ;
52.0785 5.13263 ;
52.0785 5.13264 ;
52.0785 5.13265 ;
52.0785 5.13266 ;
52.0785 5.13267 ;
52.0785 5.13268 ;
52.0785 5.13269 ;
52.0785 5.1327 ;
52.0785 5.13271 ;
52.0785 5.13272 ;
52.0785 5.13273 ;
52.0785 5.13274 ;
52.0785 5.13275 ;
52.0785 5.13276 ;
52.0785 5.13277 ;
52.0785 5.13278 ;
52.0785 5.13279 ;
52.0785 5.1328 ;
52.0785 5.13281 ;
52.0785 5.13282 ;
52.0785 5.13283 ;
52.0785 5.13284 ;
52.0785 5.13285 ;
52.0785 5.13286 ;
52.0785 5.13287 ;
52.0785 5.13288 ;
52.0785 5.13289 ;
52.0785 5.1329 ;
52.0785 5.13291 ;
52.0785 5.13292 ;
52.0785 5.13293 ;
52.0785 5.13294 ;
52.0785 5.13295 ;
52.0785 5.13296 ;
52.0785 5.13297 ;
52.0785 5.13298 ;
52.0785 5.13299 ;
52.0785 5.133 ;
52.0785 5.13301 ;
52.0785 5.13302 ;
52.0785 5.13303 ;
52.0785 5.13304 ;
52.0785 5.13305 ;
52.0785 5.13306 ;
52.0785 5.13307 ;
52.0785 5.13308 ;
52.0785 5.13309 ;
52.0785 5.1331 ;
52.0785 5.13311 ;
52.0785 5.13312 ;
52.0785 5.13313 ;
52.0785 5.13314 ;
52.0785 5.13315 ;
52.0785 5.13316 ;
52.0785 5.13317 ;
52.0785 5.13318 ;
52.0785 5.13319 ;
52.0785 5.1332 ;
52.0785 5.13321 ;
52.0785 5.13322 ;
52.0785 5.13323 ;
52.0785 5.13324 ;
52.0785 5.13325 ;
52.0785 5.13326 ;
52.0785 5.13327 ;
52.0785 5.13328 ;
52.0785 5.13329 ;
52.0785 5.1333 ;
52.0785 5.13331 ;
52.0785 5.13332 ;
52.0785 5.13333 ;
52.0785 5.13334 ;
52.0785 5.13335 ;
52.0785 5.13336 ;
52.0785 5.13337 ;
52.0785 5.13338 ;
52.0785 5.13339 ;
52.0785 5.1334 ;
52.0785 5.13341 ;
52.0785 5.13342 ;
52.0785 5.13343 ;
52.0785 5.13344 ;
52.0785 5.13345 ;
52.0785 5.13346 ;
52.0785 5.13347 ;
52.0785 5.13348 ;
52.0785 5.13349 ;
52.0785 5.1335 ;
52.0785 5.13351 ;
52.0785 5.13352 ;
52.0785 5.13353 ;
52.0785 5.13354 ;
52.0785 5.13355 ;
52.0785 5.13356 ;
52.0785 5.13357 ;
52.0785 5.13358 ;
52.0785 5.13359 ;
52.0785 5.1336 ;
52.0785 5.13361 ;
52.0785 5.13362 ;
52.0785 5.13363 ;
52.0785 5.13364 ;
52.0785 5.13365 ;
52.0785 5.13366 ;
52.0785 5.13367 ;
52.0785 5.13368 ;
52.0785 5.13369 ;
52.0785 5.1337 ;
52.0785 5.13371 ;
52.0785 5.13372 ;
52.0785 5.13373 ;
52.0785 5.13374 ;
52.0785 5.13375 ;
52.0785 5.13376 ;
52.0785 5.13377 ;
52.0785 5.13378 ;
52.0785 5.13379 ;
52.0785 5.1338 ;
52.0785 5.13381 ;
52.0785 5.13382 ;
52.0785 5.13383 ;
52.0785 5.13384 ;
52.0785 5.13385 ;
52.0785 5.13386 ;
52.0785 5.13387 ;
52.0785 5.13388 ;
52.0785 5.13389 ;
52.0785 5.1339 ;
52.0785 5.13391 ;
52.0785 5.13392 ;
52.0785 5.13393 ;
52.0785 5.13394 ;
52.0785 5.13395 ;
52.0785 5.13396 ;
52.0785 5.13397 ;
52.0785 5.13398 ;
52.0785 5.13399 ;
52.0785 5.134 ;
52.0785 5.13401 ;
52.0785 5.13402 ;
52.0785 5.13403 ;
52.0785 5.13404 ;
52.0785 5.13405 ;
52.0785 5.13406 ;
52.0785 5.13407 ;
52.0785 5.13408 ;
52.0785 5.13409 ;
52.0785 5.1341 ;
52.0785 5.13411 ;
52.0785 5.13412 ;
52.0785 5.134123 ;





